0 1
0 4
0 5
0 8
0 11
0 20
0 48
0 130
0 160
1 1
1 44
1 50
1 56
1 98
1 99
1 106
1 146
1 147
1 149
1 158
1 171
1 175
1 184
1 206
2 3
3 3
3 10
3 175
5 4
5 5
5 10
5 26
5 47
5 59
5 143
5 171
6 7
7 7
9 10
10 5
10 10
10 30
10 34
10 35
10 37
10 38
10 56
10 65
10 73
10 77
10 87
10 94
10 97
10 106
10 107
10 124
10 140
10 141
10 146
10 147
10 152
10 161
10 175
10 182
10 192
10 195
10 198
10 202
10 206
10 211
10 213
10 222
10 233
10 247
11 11
11 20
11 68
11 86
11 111
11 167
11 192
11 207
11 209
11 240
12 13
14 15
14 20
14 63
14 160
15 10
15 15
16 17
16 175
18 19
19 8
19 19
19 54
19 135
19 222
20 10
20 11
20 20
20 126
20 178
20 182
21 22
22 22
22 127
22 182
22 207
22 227
23 24
23 25
23 26
23 28
23 33
23 40
23 47
23 59
23 60
23 117
23 143
24 24
24 26
24 59
24 104
25 25
26 26
26 59
27 25
27 26
27 28
27 47
27 59
27 60
27 143
28 28
28 143
29 30
30 10
30 30
30 47
30 104
30 134
30 135
30 137
30 175
30 200
30 211
30 225
30 248
31 32
32 87
33 206
34 10
34 34
34 35
34 83
35 10
35 34
35 35
35 83
35 120
35 175
35 222
35 240
36 37
37 10
37 36
37 37
37 106
39 10
40 134
41 41
41 42
41 68
41 139
41 233
42 41
42 42
42 233
43 44
44 44
45 46
45 58
46 45
46 46
46 58
47 5
47 30
47 47
47 94
47 111
48 48
49 50
49 240
50 1
50 49
50 50
50 56
50 79
50 99
50 146
50 147
50 149
50 158
50 175
50 192
50 240
51 52
53 54
53 87
53 207
54 54
54 135
54 222
55 55
55 56
55 147
55 158
55 192
56 1
56 10
56 55
56 56
56 99
56 146
56 147
56 158
56 175
56 192
57 58
58 45
58 46
58 58
58 111
59 10
59 59
60 26
60 59
60 117
61 58
62 10
62 206
63 63
63 146
63 192
63 202
63 203
64 65
64 66
65 65
65 66
65 79
65 147
65 171
65 184
65 186
65 203
65 207
65 240
66 65
66 66
66 79
66 126
66 186
66 203
67 68
68 41
68 67
68 68
68 126
68 175
68 178
68 186
68 192
68 240
69 10
70 71
70 72
72 72
74 75
76 20
76 77
76 85
76 86
76 119
76 120
77 10
78 79
79 50
79 79
79 99
79 146
79 147
79 175
79 192
80 81
81 10
81 80
81 81
81 215
82 83
83 34
83 35
83 83
83 147
83 192
83 217
83 222
83 228
84 44
86 11
86 86
86 167
87 10
87 111
88 89
90 91
92 93
92 94
94 25
94 26
94 47
94 59
94 93
94 94
94 116
94 147
95 58
96 7
96 97
97 10
97 96
97 97
97 147
97 175
97 186
97 192
97 217
97 240
98 1
98 99
99 1
99 50
99 56
99 79
99 98
99 146
99 147
99 149
99 158
99 192
100 72
101 102
102 102
103 104
104 24
104 30
104 87
104 103
104 104
104 107
104 108
104 111
104 116
104 134
104 135
104 136
104 137
104 138
104 200
104 215
104 217
104 225
104 227
104 240
104 248
105 106
106 1
106 37
106 106
106 146
106 147
106 149
106 158
106 192
106 207
107 10
107 104
107 107
107 108
107 111
107 112
107 175
107 182
108 104
108 107
108 111
108 248
109 109
109 110
111 111
113 26
113 114
113 115
113 116
113 117
113 118
114 26
114 59
115 115
115 118
116 26
116 59
116 114
116 116
116 117
116 135
116 138
118 4
118 5
118 94
118 115
118 116
118 118
120 34
120 35
120 85
120 119
120 120
120 217
120 240
121 122
123 102
124 10
125 126
126 20
126 66
126 68
126 125
126 126
126 158
126 207
127 22
128 1
129 130
130 48
130 87
130 130
130 135
131 30
132 4
132 5
133 104
133 134
133 135
133 136
133 137
133 138
134 30
134 40
134 104
134 134
134 135
134 136
134 137
134 138
134 175
134 200
134 225
134 233
134 248
135 19
135 30
135 54
135 104
135 116
135 130
135 134
135 135
135 136
135 137
135 138
135 144
135 200
135 225
135 248
136 104
136 134
136 135
136 136
136 137
136 138
137 30
137 104
137 133
137 134
137 135
137 136
137 137
137 138
137 200
137 225
138 26
138 30
138 59
138 81
138 104
138 116
138 134
138 135
138 136
138 137
138 138
138 200
138 220
138 225
138 248
139 41
139 140
140 10
140 140
141 10
142 143
143 5
143 143
143 165
144 135
145 146
146 1
146 10
146 44
146 50
146 56
146 63
146 99
146 106
146 146
146 147
146 149
146 158
146 175
146 192
146 195
146 206
147 1
147 10
147 50
147 55
147 56
147 65
147 83
147 94
147 97
147 99
147 106
147 146
147 147
147 148
147 149
147 158
147 171
147 175
147 184
147 192
147 195
147 206
147 211
147 238
148 147
148 158
148 195
149 1
149 50
149 106
149 146
149 147
149 149
149 158
149 171
149 175
149 182
149 184
149 195
149 206
150 151
151 151
152 10
152 175
152 176
153 154
155 104
155 134
155 135
155 136
155 137
155 138
156 157
158 1
158 50
158 56
158 99
158 106
158 146
158 147
158 148
158 149
158 158
158 175
158 184
158 192
158 195
158 206
159 160
160 160
162 163
162 187
163 104
164 143
165 143
166 167
167 86
167 166
167 167
167 186
167 217
167 240
168 169
170 171
171 1
171 5
171 10
171 65
171 66
171 147
171 149
171 171
171 175
171 184
172 173
174 173
175 1
175 3
175 10
175 30
175 34
175 35
175 41
175 52
175 56
175 68
175 79
175 97
175 106
175 107
175 134
175 146
175 147
175 149
175 158
175 171
175 175
175 178
175 192
175 195
175 198
175 200
175 206
175 211
175 212
175 233
177 178
178 20
178 68
178 175
178 178
179 180
181 160
181 182
181 188
182 10
182 20
182 22
182 192
182 240
183 184
184 1
184 147
184 149
184 158
184 184
184 206
185 186
186 10
186 65
186 68
186 97
186 167
186 182
186 185
186 186
186 192
186 207
186 217
186 240
186 248
187 8
187 162
189 190
191 192
192 10
192 22
192 50
192 55
192 56
192 63
192 65
192 68
192 79
192 83
192 97
192 99
192 109
192 146
192 147
192 158
192 175
192 182
192 186
192 192
192 195
192 202
192 203
192 206
192 211
192 240
193 52
194 195
195 1
195 10
195 44
195 50
195 56
195 146
195 147
195 148
195 149
195 158
195 175
195 192
195 195
195 206
196 52
197 52
197 198
199 81
199 135
199 137
199 200
199 215
199 227
199 230
199 233
200 30
200 104
200 134
200 135
200 138
200 175
200 200
200 215
200 248
201 160
201 202
201 203
201 206
202 10
202 50
202 63
202 79
202 192
202 202
202 203
202 217
203 63
203 192
203 202
203 203
204 205
205 205
206 1
206 10
206 146
206 147
206 149
206 158
206 175
206 184
206 206
207 11
207 20
207 22
207 65
207 182
207 186
207 207
208 209
209 192
210 211
211 175
211 192
211 211
211 240
212 52
214 215
215 81
215 215
216 217
217 187
217 217
218 219
219 218
219 219
220 138
221 222
222 10
222 19
222 34
222 35
222 83
222 187
222 217
222 222
223 224
225 30
225 104
225 134
225 135
225 137
225 211
225 225
225 226
225 248
226 225
228 83
229 81
231 4
231 5
231 94
232 3
232 233
233 10
233 41
233 42
233 134
233 175
233 233
234 235
236 10
236 236
237 52
237 175
238 147
239 240
240 34
240 35
240 49
240 50
240 68
240 104
240 120
240 167
240 182
240 186
240 192
240 211
240 217
240 240
240 248
241 83
242 1
242 20
242 48
242 63
242 72
242 81
242 86
242 107
242 130
242 135
242 137
242 146
242 149
242 151
242 163
242 182
242 184
242 192
242 207
242 209
242 247
243 26
243 59
244 245
246 30
247 10
247 247
248 30
248 104
248 134
248 248
248 249
249 248
